imax 1 number of channels
jmax * number of background
kmax * number of nuisance parameters
Observation 13
bin 1 1 1 1 1 1 1 1 1 1 
process VH qqH ggH ZZ WZ WW Top Zjets DYtt Wjets
process -2 -1 0 1 2 3 4 5 6 7
rate   0.001   0.001   1.726   2.456   2.815   2.673   4.458   4.818   0.000   0.000
lumi		           lnN 1.060 1.060 1.060 1.060 1.060 1.000 1.000 1.000 1.060 1.000
CMS_eff_m             	   lnN 1.015 1.015 1.015 1.015 1.015 1.015 1.000 1.000 1.000 1.015
CMS_trigger_m         	   lnN 1.015 1.015 1.015 1.015 1.015 1.015 1.000 1.000 1.000 1.015
CMS_eff_e             	   lnN 1.025 1.025 1.025 1.025 1.025 1.025 1.000 1.000 1.000 1.025
CMS_trigger_e         	   lnN 1.015 1.015 1.015 1.015 1.015 1.015 1.000 1.000 1.000 1.015
CMS_scale_m           	   lnN 1.020 1.020 1.020 1.020 1.020 1.000 1.000 1.000 1.000 1.000
CMS_scale_e           	   lnN 1.050 1.050 1.050 1.050 1.050 1.000 1.000 1.000 1.000 1.000
CMS_scale_j           	   lnN 1.050 1.050 1.050 1.050 1.050 1.050 1.000 1.000 1.000 1.050
CMS_hzzllvv_fake_em    	   lnN 1.000 1.000 1.000 1.000 1.000 1.000 1.000 1.000 1.000 1.360
UEPS 		           lnN 1.000 1.000 1.058 1.000 1.000 1.000 1.000 1.000 1.000 1.000
pdf_gg                	   lnN 1.000 1.000 1.100 1.000 1.040 1.000 1.000 1.000 1.000 1.000
pdf_qqbar             	   lnN 1.050 1.050 1.000 1.040 1.000 1.040 1.000 1.000 1.000 1.040
QCDscale_ggH          	   lnN 1.000 1.000 1.000 1.000 1.000 1.000 1.000 1.000 1.000 1.000
QCDscale_ggH1in       	   lnN 1.000 1.000 1.270 1.000 1.000 1.000 1.000 1.000 1.000 1.000
QCDscale_ggH2in       	   lnN 1.000 1.000 0.960 1.000 1.000 1.000 1.000 1.000 1.000 1.000
QCDscale_qqH          	   lnN 1.000 1.010 1.000 1.000 1.000 1.000 1.000 1.000 1.000 1.000
QCDscale_VH           	   lnN 1.020 1.000 1.000 1.000 1.000 1.000 1.000 1.000 1.000 1.000
QCDscale_VV                lnN 1.000 1.000 1.000 1.050 1.080 1.000 1.000 1.000 1.000 1.000
QCDscale_ggH_EXTRAP   	   lnN 1.000 1.000 1.020 1.000 1.000 1.000 1.000 1.000 1.000 1.000
QCDscale_qqH_EXTRAP   	   lnN 1.000 1.020 1.000 1.000 1.000 1.000 1.000 1.000 1.000 1.000
QCDscale_VH_EXTRAP    	   lnN 1.020 1.000 1.000 1.000 1.000 1.000 1.000 1.000 1.000 1.000
CMS_hzzllvv_1j_Z  	   lnN 1.000 1.000 1.000 1.000 1.000 1.000 1.000 1.201 1.000 1.000
CMS_hzzllvv_1j_OFNorm	   lnN 1.000 1.000 1.000 1.000 1.000 1.169 1.169 1.169 1.000 1.000
CMS_hzzllvv_stat_1j_VH       lnN 1.000 1.000 1.000 1.000 1.000 1.000 1.000 1.000 1.000 1.000
CMS_hzzllvv_stat_1j_qqH      lnN 1.000 1.000 1.000 1.000 1.000 1.000 1.000 1.000 1.000 1.000
CMS_hzzllvv_stat_1j_ggH      lnN 1.000 1.000 1.017 1.000 1.000 1.000 1.000 1.000 1.000 1.000
CMS_hzzllvv_stat_1j_ZZ       lnN 1.000 1.000 1.000 1.045 1.000 1.000 1.000 1.000 1.000 1.000
CMS_hzzllvv_stat_1j_WZ       lnN 1.000 1.000 1.000 1.000 1.067 1.000 1.000 1.000 1.000 1.000
CMS_hzzllvv_stat_1j_WW       lnN 1.000 1.000 1.000 1.000 1.000 1.058 1.000 1.000 1.000 1.000
CMS_hzzllvv_stat_1j_ttbar    lnN 1.000 1.000 1.000 1.000 1.000 1.000 1.196 1.000 1.000 1.000
CMS_hzzllvv_stat_1j_Z	       lnN 1.000 1.000 1.000 1.000 1.000 1.000 1.000 1.241 1.000 1.000
CMS_hzzllvv_stat_1j_DYtt     lnN 1.000 1.000 1.000 1.000 1.000 1.000 1.000 1.000 1.000 1.000
CMS_hzzllvv_stat_1j_Wjets    lnN 1.000 1.000 1.000 1.000 1.000 1.000 1.000 1.000 1.000 1.000
