imax 1 number of channels
jmax * number of background
kmax * number of nuisance parameters
Observation 3
bin 1 1 1 1 1 1 1 1 1 1 
process VH qqH ggH ZZ WZ WW Top Zjets DYtt Wjets
process -2 -1 0 1 2 3 4 5 6 7
rate   0.001   0.001   2.235   2.820   0.794   0.105   0.000   0.000   0.000   0.000
lumi		           lnN 1.060 1.060 1.060 1.060 1.060 1.000 1.000 1.000 1.060 1.000
CMS_eff_m             	   lnN 1.015 1.015 1.015 1.015 1.015 1.015 1.000 1.000 1.000 1.015
CMS_trigger_m         	   lnN 1.015 1.015 1.015 1.015 1.015 1.015 1.000 1.000 1.000 1.015
CMS_eff_e             	   lnN 1.025 1.025 1.025 1.025 1.025 1.025 1.000 1.000 1.000 1.025
CMS_trigger_e         	   lnN 1.015 1.015 1.015 1.015 1.015 1.015 1.000 1.000 1.000 1.015
CMS_scale_m           	   lnN 1.020 1.020 1.020 1.020 1.020 1.000 1.000 1.000 1.000 1.000
CMS_scale_e           	   lnN 1.050 1.050 1.050 1.050 1.050 1.000 1.000 1.000 1.000 1.000
CMS_scale_j           	   lnN 1.020 1.020 1.020 1.020 1.020 1.020 1.000 1.000 1.000 1.020
CMS_hzzllvv_fake_em    	   lnN 1.000 1.000 1.000 1.000 1.000 1.000 1.000 1.000 1.000 1.360
UEPS 		           lnN 1.000 1.000 0.966 1.000 1.000 1.000 1.000 1.000 1.000 1.000
pdf_gg                	   lnN 1.000 1.000 1.100 1.000 1.040 1.000 1.000 1.000 1.000 1.000
pdf_qqbar             	   lnN 1.050 1.050 1.000 1.040 1.000 1.040 1.000 1.000 1.000 1.040
QCDscale_ggH          	   lnN 1.000 1.000 1.170 1.000 1.000 1.000 1.000 1.000 1.000 1.000
QCDscale_ggH1in       	   lnN 1.000 1.000 0.820 1.000 1.000 1.000 1.000 1.000 1.000 1.000
QCDscale_ggH2in       	   lnN 1.000 1.000 1.000 1.000 1.000 1.000 1.000 1.000 1.000 1.000
QCDscale_qqH          	   lnN 1.000 1.010 1.000 1.000 1.000 1.000 1.000 1.000 1.000 1.000
QCDscale_VH           	   lnN 1.020 1.000 1.000 1.000 1.000 1.000 1.000 1.000 1.000 1.000
QCDscale_VV                lnN 1.000 1.000 1.000 1.050 1.080 1.000 1.000 1.000 1.000 1.000
QCDscale_ggH_EXTRAP   	   lnN 1.000 1.000 1.020 1.000 1.000 1.000 1.000 1.000 1.000 1.000
QCDscale_qqH_EXTRAP   	   lnN 1.000 1.020 1.000 1.000 1.000 1.000 1.000 1.000 1.000 1.000
QCDscale_VH_EXTRAP    	   lnN 1.020 1.000 1.000 1.000 1.000 1.000 1.000 1.000 1.000 1.000
CMS_hzzllvv_0j_Z  	   lnN 1.000 1.000 1.000 1.000 1.000 1.000 1.000 1.000 1.000 1.000
CMS_hzzllvv_0j_OFNorm	   lnN 1.000 1.000 1.000 1.000 1.000 1.131 1.131 1.131 1.000 1.000
CMS_hzzllvv_stat_0j_VH       lnN 1.000 1.000 1.000 1.000 1.000 1.000 1.000 1.000 1.000 1.000
CMS_hzzllvv_stat_0j_qqH      lnN 1.000 1.000 1.000 1.000 1.000 1.000 1.000 1.000 1.000 1.000
CMS_hzzllvv_stat_0j_ggH      lnN 1.000 1.000 1.012 1.000 1.000 1.000 1.000 1.000 1.000 1.000
CMS_hzzllvv_stat_0j_ZZ       lnN 1.000 1.000 1.000 1.045 1.000 1.000 1.000 1.000 1.000 1.000
CMS_hzzllvv_stat_0j_WZ       lnN 1.000 1.000 1.000 1.000 1.127 1.000 1.000 1.000 1.000 1.000
CMS_hzzllvv_stat_0j_WW       lnN 1.000 1.000 1.000 1.000 1.000 1.349 1.000 1.000 1.000 1.000
CMS_hzzllvv_stat_0j_ttbar    lnN 1.000 1.000 1.000 1.000 1.000 1.000 1.000 1.000 1.000 1.000
CMS_hzzllvv_stat_0j_Z	       lnN 1.000 1.000 1.000 1.000 1.000 1.000 1.000 1.000 1.000 1.000
CMS_hzzllvv_stat_0j_DYtt     lnN 1.000 1.000 1.000 1.000 1.000 1.000 1.000 1.000 1.000 1.000
CMS_hzzllvv_stat_0j_Wjets    lnN 1.000 1.000 1.000 1.000 1.000 1.000 1.000 1.000 1.000 1.000
